,antecedents,consequents,antecedent support,consequent support,support,confidence,lift,leverage,conviction
0,frozenset({'loan_no'}),frozenset({'default_no'}),0.8687845303867403,0.9830801104972375,0.8570441988950276,0.9864864864864865,1.0034650034650034,0.0029594067641403043,1.2520718232044248
1,frozenset({'default_no'}),frozenset({'loan_no'}),0.9830801104972375,0.8687845303867403,0.8570441988950276,0.8717948717948718,1.0034650034650034,0.0029594067641403043,1.0234806629834257
2,"frozenset({'pdays_-1', 'poutcome_unknown'})",frozenset({'previous_0'}),0.8477209944751382,0.8477209944751382,0.8477209944751382,1.0,1.1796334012219958,0.12909011000122095,inf
3,"frozenset({'pdays_-1', 'previous_0'})",frozenset({'poutcome_unknown'}),0.8477209944751382,0.8477209944751382,0.8477209944751382,1.0,1.1796334012219958,0.12909011000122095,inf
4,"frozenset({'poutcome_unknown', 'previous_0'})",frozenset({'pdays_-1'}),0.8477209944751382,0.8477209944751382,0.8477209944751382,1.0,1.1796334012219958,0.12909011000122095,inf
5,frozenset({'pdays_-1'}),"frozenset({'poutcome_unknown', 'previous_0'})",0.8477209944751382,0.8477209944751382,0.8477209944751382,1.0,1.1796334012219958,0.12909011000122095,inf
6,frozenset({'poutcome_unknown'}),"frozenset({'pdays_-1', 'previous_0'})",0.8477209944751382,0.8477209944751382,0.8477209944751382,1.0,1.1796334012219958,0.12909011000122095,inf
7,frozenset({'previous_0'}),"frozenset({'pdays_-1', 'poutcome_unknown'})",0.8477209944751382,0.8477209944751382,0.8477209944751382,1.0,1.1796334012219958,0.12909011000122095,inf
8,frozenset({'poutcome_unknown'}),frozenset({'previous_0'}),0.8477209944751382,0.8477209944751382,0.8477209944751382,1.0,1.1796334012219958,0.12909011000122095,inf
9,frozenset({'previous_0'}),frozenset({'poutcome_unknown'}),0.8477209944751382,0.8477209944751382,0.8477209944751382,1.0,1.1796334012219958,0.12909011000122095,inf
10,frozenset({'pdays_-1'}),frozenset({'previous_0'}),0.8477209944751382,0.8477209944751382,0.8477209944751382,1.0,1.1796334012219958,0.12909011000122095,inf
11,frozenset({'previous_0'}),frozenset({'pdays_-1'}),0.8477209944751382,0.8477209944751382,0.8477209944751382,1.0,1.1796334012219958,0.12909011000122095,inf
12,frozenset({'pdays_-1'}),frozenset({'poutcome_unknown'}),0.8477209944751382,0.8477209944751382,0.8477209944751382,1.0,1.1796334012219958,0.12909011000122095,inf
13,frozenset({'poutcome_unknown'}),frozenset({'pdays_-1'}),0.8477209944751382,0.8477209944751382,0.8477209944751382,1.0,1.1796334012219958,0.12909011000122095,inf
14,"frozenset({'pdays_-1', 'default_no'})",frozenset({'previous_0'}),0.8321823204419889,0.8477209944751382,0.8321823204419889,1.0,1.1796334012219958,0.12672389617227797,inf
15,"frozenset({'previous_0', 'default_no'})",frozenset({'pdays_-1'}),0.8321823204419889,0.8477209944751382,0.8321823204419889,1.0,1.1796334012219958,0.12672389617227797,inf
16,"frozenset({'pdays_-1', 'previous_0'})",frozenset({'default_no'}),0.8477209944751382,0.9830801104972375,0.8321823204419889,0.9816700610997963,0.9985656821022164,-0.0011953284774579576,0.9230739717618154
17,frozenset({'default_no'}),"frozenset({'pdays_-1', 'previous_0'})",0.9830801104972375,0.8477209944751382,0.8321823204419889,0.8465050930804355,0.9985656821022164,-0.0011953284774579576,0.9920785554445803
18,frozenset({'pdays_-1'}),"frozenset({'previous_0', 'default_no'})",0.8477209944751382,0.8321823204419889,0.8321823204419889,0.9816700610997963,1.1796334012219958,0.12672389617227797,9.155386740331458
19,frozenset({'previous_0'}),"frozenset({'pdays_-1', 'default_no'})",0.8477209944751382,0.8321823204419889,0.8321823204419889,0.9816700610997963,1.1796334012219958,0.12672389617227797,9.155386740331458
20,frozenset({'poutcome_unknown'}),frozenset({'default_no'}),0.8477209944751382,0.9830801104972375,0.8321823204419889,0.9816700610997963,0.9985656821022164,-0.0011953284774579576,0.9230739717618154
21,frozenset({'default_no'}),frozenset({'poutcome_unknown'}),0.9830801104972375,0.8477209944751382,0.8321823204419889,0.8465050930804355,0.9985656821022164,-0.0011953284774579576,0.9920785554445803
22,frozenset({'pdays_-1'}),frozenset({'default_no'}),0.8477209944751382,0.9830801104972375,0.8321823204419889,0.9816700610997963,0.9985656821022164,-0.0011953284774579576,0.9230739717618154
23,frozenset({'default_no'}),frozenset({'pdays_-1'}),0.9830801104972375,0.8477209944751382,0.8321823204419889,0.8465050930804355,0.9985656821022164,-0.0011953284774579576,0.9920785554445803
24,"frozenset({'pdays_-1', 'poutcome_unknown'})",frozenset({'default_no'}),0.8477209944751382,0.9830801104972375,0.8321823204419889,0.9816700610997963,0.9985656821022164,-0.0011953284774579576,0.9230739717618154
25,"frozenset({'pdays_-1', 'default_no'})",frozenset({'poutcome_unknown'}),0.8321823204419889,0.8477209944751382,0.8321823204419889,1.0,1.1796334012219958,0.12672389617227797,inf
26,"frozenset({'poutcome_unknown', 'default_no'})",frozenset({'pdays_-1'}),0.8321823204419889,0.8477209944751382,0.8321823204419889,1.0,1.1796334012219958,0.12672389617227797,inf
27,frozenset({'pdays_-1'}),"frozenset({'poutcome_unknown', 'default_no'})",0.8477209944751382,0.8321823204419889,0.8321823204419889,0.9816700610997963,1.1796334012219958,0.12672389617227797,9.155386740331458
28,frozenset({'poutcome_unknown'}),"frozenset({'pdays_-1', 'default_no'})",0.8477209944751382,0.8321823204419889,0.8321823204419889,0.9816700610997963,1.1796334012219958,0.12672389617227797,9.155386740331458
29,frozenset({'default_no'}),"frozenset({'pdays_-1', 'poutcome_unknown'})",0.9830801104972375,0.8477209944751382,0.8321823204419889,0.8465050930804355,0.9985656821022164,-0.0011953284774579576,0.9920785554445803
30,"frozenset({'poutcome_unknown', 'default_no'})",frozenset({'previous_0'}),0.8321823204419889,0.8477209944751382,0.8321823204419889,1.0,1.1796334012219958,0.12672389617227797,inf
31,"frozenset({'previous_0', 'default_no'})",frozenset({'poutcome_unknown'}),0.8321823204419889,0.8477209944751382,0.8321823204419889,1.0,1.1796334012219958,0.12672389617227797,inf
32,"frozenset({'poutcome_unknown', 'previous_0'})",frozenset({'default_no'}),0.8477209944751382,0.9830801104972375,0.8321823204419889,0.9816700610997963,0.9985656821022164,-0.0011953284774579576,0.9230739717618154
33,frozenset({'default_no'}),"frozenset({'poutcome_unknown', 'previous_0'})",0.9830801104972375,0.8477209944751382,0.8321823204419889,0.8465050930804355,0.9985656821022164,-0.0011953284774579576,0.9920785554445803
34,frozenset({'poutcome_unknown'}),"frozenset({'previous_0', 'default_no'})",0.8477209944751382,0.8321823204419889,0.8321823204419889,0.9816700610997963,1.1796334012219958,0.12672389617227797,9.155386740331458
35,frozenset({'previous_0'}),"frozenset({'poutcome_unknown', 'default_no'})",0.8477209944751382,0.8321823204419889,0.8321823204419889,0.9816700610997963,1.1796334012219958,0.12672389617227797,9.155386740331458
36,"frozenset({'pdays_-1', 'poutcome_unknown', 'default_no'})",frozenset({'previous_0'}),0.8321823204419889,0.8477209944751382,0.8321823204419889,1.0,1.1796334012219958,0.12672389617227797,inf
37,"frozenset({'previous_0', 'poutcome_unknown', 'default_no'})",frozenset({'pdays_-1'}),0.8321823204419889,0.8477209944751382,0.8321823204419889,1.0,1.1796334012219958,0.12672389617227797,inf
38,"frozenset({'pdays_-1', 'previous_0', 'default_no'})",frozenset({'poutcome_unknown'}),0.8321823204419889,0.8477209944751382,0.8321823204419889,1.0,1.1796334012219958,0.12672389617227797,inf
39,"frozenset({'pdays_-1', 'poutcome_unknown', 'previous_0'})",frozenset({'default_no'}),0.8477209944751382,0.9830801104972375,0.8321823204419889,0.9816700610997963,0.9985656821022164,-0.0011953284774579576,0.9230739717618154
40,"frozenset({'poutcome_unknown', 'default_no'})","frozenset({'pdays_-1', 'previous_0'})",0.8321823204419889,0.8477209944751382,0.8321823204419889,1.0,1.1796334012219958,0.12672389617227797,inf
41,"frozenset({'pdays_-1', 'default_no'})","frozenset({'poutcome_unknown', 'previous_0'})",0.8321823204419889,0.8477209944751382,0.8321823204419889,1.0,1.1796334012219958,0.12672389617227797,inf
42,"frozenset({'previous_0', 'default_no'})","frozenset({'pdays_-1', 'poutcome_unknown'})",0.8321823204419889,0.8477209944751382,0.8321823204419889,1.0,1.1796334012219958,0.12672389617227797,inf
43,"frozenset({'pdays_-1', 'poutcome_unknown'})","frozenset({'previous_0', 'default_no'})",0.8477209944751382,0.8321823204419889,0.8321823204419889,0.9816700610997963,1.1796334012219958,0.12672389617227797,9.155386740331458
44,"frozenset({'poutcome_unknown', 'previous_0'})","frozenset({'pdays_-1', 'default_no'})",0.8477209944751382,0.8321823204419889,0.8321823204419889,0.9816700610997963,1.1796334012219958,0.12672389617227797,9.155386740331458
45,"frozenset({'pdays_-1', 'previous_0'})","frozenset({'poutcome_unknown', 'default_no'})",0.8477209944751382,0.8321823204419889,0.8321823204419889,0.9816700610997963,1.1796334012219958,0.12672389617227797,9.155386740331458
46,frozenset({'default_no'}),"frozenset({'pdays_-1', 'poutcome_unknown', 'previous_0'})",0.9830801104972375,0.8477209944751382,0.8321823204419889,0.8465050930804355,0.9985656821022164,-0.0011953284774579576,0.9920785554445803
47,frozenset({'poutcome_unknown'}),"frozenset({'pdays_-1', 'previous_0', 'default_no'})",0.8477209944751382,0.8321823204419889,0.8321823204419889,0.9816700610997963,1.1796334012219958,0.12672389617227797,9.155386740331458
48,frozenset({'pdays_-1'}),"frozenset({'previous_0', 'poutcome_unknown', 'default_no'})",0.8477209944751382,0.8321823204419889,0.8321823204419889,0.9816700610997963,1.1796334012219958,0.12672389617227797,9.155386740331458
49,frozenset({'previous_0'}),"frozenset({'pdays_-1', 'poutcome_unknown', 'default_no'})",0.8477209944751382,0.8321823204419889,0.8321823204419889,0.9816700610997963,1.1796334012219958,0.12672389617227797,9.155386740331458
50,frozenset({'default_no'}),frozenset({'previous_0'}),0.9830801104972375,0.8477209944751382,0.8321823204419889,0.8465050930804355,0.9985656821022164,-0.0011953284774579576,0.9920785554445803
51,frozenset({'previous_0'}),frozenset({'default_no'}),0.8477209944751382,0.9830801104972375,0.8321823204419889,0.9816700610997963,0.9985656821022164,-0.0011953284774579576,0.9230739717618154
52,frozenset({'contact_cellular'}),frozenset({'default_no'}),0.7710635359116023,0.9830801104972375,0.7589779005524862,0.9843260188087773,1.0012673517633366,0.0009606744681175394,1.0794889502762395
53,frozenset({'loan_no'}),frozenset({'previous_0'}),0.8687845303867403,0.8477209944751382,0.7361878453038674,0.8473767885532592,0.9995939631976531,-0.0002990407801960471,0.9977447341160219
54,frozenset({'previous_0'}),frozenset({'loan_no'}),0.8477209944751382,0.8687845303867403,0.7361878453038674,0.8684317718940936,0.999593963197653,-0.0002990407801960471,0.9973188170295738
55,"frozenset({'pdays_-1', 'poutcome_unknown', 'loan_no'})",frozenset({'previous_0'}),0.7361878453038674,0.8477209944751382,0.7361878453038674,1.0,1.1796334012219958,0.11210595296236381,inf
56,"frozenset({'pdays_-1', 'poutcome_unknown', 'previous_0'})",frozenset({'loan_no'}),0.8477209944751382,0.8687845303867403,0.7361878453038674,0.8684317718940936,0.999593963197653,-0.0002990407801960471,0.9973188170295738
57,"frozenset({'pdays_-1', 'loan_no', 'previous_0'})",frozenset({'poutcome_unknown'}),0.7361878453038674,0.8477209944751382,0.7361878453038674,1.0,1.1796334012219958,0.11210595296236381,inf
58,"frozenset({'poutcome_unknown', 'loan_no', 'previous_0'})",frozenset({'pdays_-1'}),0.7361878453038674,0.8477209944751382,0.7361878453038674,1.0,1.1796334012219958,0.11210595296236381,inf
59,"frozenset({'pdays_-1', 'poutcome_unknown'})","frozenset({'loan_no', 'previous_0'})",0.8477209944751382,0.7361878453038674,0.7361878453038674,0.8684317718940936,1.1796334012219958,0.11210595296236381,2.0051357268699848
60,"frozenset({'pdays_-1', 'loan_no'})","frozenset({'poutcome_unknown', 'previous_0'})",0.7361878453038674,0.8477209944751382,0.7361878453038674,1.0,1.1796334012219958,0.11210595296236381,inf
61,"frozenset({'pdays_-1', 'previous_0'})","frozenset({'poutcome_unknown', 'loan_no'})",0.8477209944751382,0.7361878453038674,0.7361878453038674,0.8684317718940936,1.1796334012219958,0.11210595296236381,2.0051357268699848
62,"frozenset({'poutcome_unknown', 'loan_no'})","frozenset({'pdays_-1', 'previous_0'})",0.7361878453038674,0.8477209944751382,0.7361878453038674,1.0,1.1796334012219958,0.11210595296236381,inf
63,"frozenset({'poutcome_unknown', 'previous_0'})","frozenset({'pdays_-1', 'loan_no'})",0.8477209944751382,0.7361878453038674,0.7361878453038674,0.8684317718940936,1.1796334012219958,0.11210595296236381,2.0051357268699848
64,"frozenset({'loan_no', 'previous_0'})","frozenset({'pdays_-1', 'poutcome_unknown'})",0.7361878453038674,0.8477209944751382,0.7361878453038674,1.0,1.1796334012219958,0.11210595296236381,inf
65,frozenset({'pdays_-1'}),"frozenset({'poutcome_unknown', 'loan_no', 'previous_0'})",0.8477209944751382,0.7361878453038674,0.7361878453038674,0.8684317718940936,1.1796334012219958,0.11210595296236381,2.0051357268699848
66,frozenset({'poutcome_unknown'}),"frozenset({'pdays_-1', 'loan_no', 'previous_0'})",0.8477209944751382,0.7361878453038674,0.7361878453038674,0.8684317718940936,1.1796334012219958,0.11210595296236381,2.0051357268699848
67,frozenset({'loan_no'}),"frozenset({'pdays_-1', 'poutcome_unknown', 'previous_0'})",0.8687845303867403,0.8477209944751382,0.7361878453038674,0.8473767885532592,0.9995939631976531,-0.0002990407801960471,0.9977447341160219
68,frozenset({'previous_0'}),"frozenset({'pdays_-1', 'poutcome_unknown', 'loan_no'})",0.8477209944751382,0.7361878453038674,0.7361878453038674,0.8684317718940936,1.1796334012219958,0.11210595296236381,2.0051357268699848
69,"frozenset({'pdays_-1', 'loan_no'})",frozenset({'previous_0'}),0.7361878453038674,0.8477209944751382,0.7361878453038674,1.0,1.1796334012219958,0.11210595296236381,inf
70,"frozenset({'pdays_-1', 'previous_0'})",frozenset({'loan_no'}),0.8477209944751382,0.8687845303867403,0.7361878453038674,0.8684317718940936,0.999593963197653,-0.0002990407801960471,0.9973188170295738
71,"frozenset({'loan_no', 'previous_0'})",frozenset({'pdays_-1'}),0.7361878453038674,0.8477209944751382,0.7361878453038674,1.0,1.1796334012219958,0.11210595296236381,inf
72,frozenset({'pdays_-1'}),"frozenset({'loan_no', 'previous_0'})",0.8477209944751382,0.7361878453038674,0.7361878453038674,0.8684317718940936,1.1796334012219958,0.11210595296236381,2.0051357268699848
73,frozenset({'loan_no'}),"frozenset({'pdays_-1', 'previous_0'})",0.8687845303867403,0.8477209944751382,0.7361878453038674,0.8473767885532592,0.9995939631976531,-0.0002990407801960471,0.9977447341160219
74,frozenset({'previous_0'}),"frozenset({'pdays_-1', 'loan_no'})",0.8477209944751382,0.7361878453038674,0.7361878453038674,0.8684317718940936,1.1796334012219958,0.11210595296236381,2.0051357268699848
75,frozenset({'poutcome_unknown'}),frozenset({'loan_no'}),0.8477209944751382,0.8687845303867403,0.7361878453038674,0.8684317718940936,0.999593963197653,-0.0002990407801960471,0.9973188170295738
76,frozenset({'loan_no'}),frozenset({'poutcome_unknown'}),0.8687845303867403,0.8477209944751382,0.7361878453038674,0.8473767885532592,0.9995939631976531,-0.0002990407801960471,0.9977447341160219
77,"frozenset({'pdays_-1', 'poutcome_unknown'})",frozenset({'loan_no'}),0.8477209944751382,0.8687845303867403,0.7361878453038674,0.8684317718940936,0.999593963197653,-0.0002990407801960471,0.9973188170295738
78,"frozenset({'pdays_-1', 'loan_no'})",frozenset({'poutcome_unknown'}),0.7361878453038674,0.8477209944751382,0.7361878453038674,1.0,1.1796334012219958,0.11210595296236381,inf
79,"frozenset({'poutcome_unknown', 'loan_no'})",frozenset({'pdays_-1'}),0.7361878453038674,0.8477209944751382,0.7361878453038674,1.0,1.1796334012219958,0.11210595296236381,inf
80,frozenset({'pdays_-1'}),"frozenset({'poutcome_unknown', 'loan_no'})",0.8477209944751382,0.7361878453038674,0.7361878453038674,0.8684317718940936,1.1796334012219958,0.11210595296236381,2.0051357268699848
81,frozenset({'poutcome_unknown'}),"frozenset({'pdays_-1', 'loan_no'})",0.8477209944751382,0.7361878453038674,0.7361878453038674,0.8684317718940936,1.1796334012219958,0.11210595296236381,2.0051357268699848
82,frozenset({'loan_no'}),"frozenset({'pdays_-1', 'poutcome_unknown'})",0.8687845303867403,0.8477209944751382,0.7361878453038674,0.8473767885532592,0.9995939631976531,-0.0002990407801960471,0.9977447341160219
83,"frozenset({'poutcome_unknown', 'loan_no'})",frozenset({'previous_0'}),0.7361878453038674,0.8477209944751382,0.7361878453038674,1.0,1.1796334012219958,0.11210595296236381,inf
84,"frozenset({'poutcome_unknown', 'previous_0'})",frozenset({'loan_no'}),0.8477209944751382,0.8687845303867403,0.7361878453038674,0.8684317718940936,0.999593963197653,-0.0002990407801960471,0.9973188170295738
85,"frozenset({'loan_no', 'previous_0'})",frozenset({'poutcome_unknown'}),0.7361878453038674,0.8477209944751382,0.7361878453038674,1.0,1.1796334012219958,0.11210595296236381,inf
86,frozenset({'poutcome_unknown'}),"frozenset({'loan_no', 'previous_0'})",0.8477209944751382,0.7361878453038674,0.7361878453038674,0.8684317718940936,1.1796334012219958,0.11210595296236381,2.0051357268699848
87,frozenset({'loan_no'}),"frozenset({'poutcome_unknown', 'previous_0'})",0.8687845303867403,0.8477209944751382,0.7361878453038674,0.8473767885532592,0.9995939631976531,-0.0002990407801960471,0.9977447341160219
88,frozenset({'previous_0'}),"frozenset({'poutcome_unknown', 'loan_no'})",0.8477209944751382,0.7361878453038674,0.7361878453038674,0.8684317718940936,1.1796334012219958,0.11210595296236381,2.0051357268699848
89,frozenset({'pdays_-1'}),frozenset({'loan_no'}),0.8477209944751382,0.8687845303867403,0.7361878453038674,0.8684317718940936,0.999593963197653,-0.0002990407801960471,0.9973188170295738
90,frozenset({'loan_no'}),frozenset({'pdays_-1'}),0.8687845303867403,0.8477209944751382,0.7361878453038674,0.8473767885532592,0.9995939631976531,-0.0002990407801960471,0.9977447341160219
91,"frozenset({'poutcome_unknown', 'loan_no'})",frozenset({'default_no'}),0.7361878453038674,0.9830801104972375,0.7251381215469613,0.9849906191369606,1.0019433905938315,0.0014064932389121765,1.1272876381215506
92,"frozenset({'poutcome_unknown', 'default_no'})",frozenset({'loan_no'}),0.8321823204419889,0.8687845303867403,0.7251381215469613,0.8713692946058091,1.002975149911933,0.002150995085620111,1.0200944573159867
93,"frozenset({'loan_no', 'default_no'})",frozenset({'poutcome_unknown'}),0.8570441988950276,0.8477209944751382,0.7251381215469613,0.8460918614020951,0.998078220212003,-0.0013962390494796084,0.9894148997714849
94,frozenset({'poutcome_unknown'}),"frozenset({'loan_no', 'default_no'})",0.8477209944751382,0.8570441988950276,0.7251381215469613,0.855397148676171,0.998078220212003,-0.0013962390494796084,0.9886098358104425
95,frozenset({'loan_no'}),"frozenset({'poutcome_unknown', 'default_no'})",0.8687845303867403,0.8321823204419889,0.7251381215469613,0.834658187599364,1.002975149911933,0.002150995085620111,1.0149742350191246
96,"frozenset({'loan_no', 'default_no'})",frozenset({'previous_0'}),0.8570441988950276,0.8477209944751382,0.7251381215469613,0.8460918614020951,0.998078220212003,-0.0013962390494796084,0.9894148997714849
97,"frozenset({'previous_0', 'default_no'})",frozenset({'loan_no'}),0.8321823204419889,0.8687845303867403,0.7251381215469613,0.8713692946058091,1.002975149911933,0.002150995085620111,1.0200944573159867
98,"frozenset({'loan_no', 'previous_0'})",frozenset({'default_no'}),0.7361878453038674,0.9830801104972375,0.7251381215469613,0.9849906191369606,1.0019433905938315,0.0014064932389121765,1.1272876381215506
99,frozenset({'loan_no'}),"frozenset({'previous_0', 'default_no'})",0.8687845303867403,0.8321823204419889,0.7251381215469613,0.834658187599364,1.002975149911933,0.002150995085620111,1.0149742350191246
100,frozenset({'previous_0'}),"frozenset({'loan_no', 'default_no'})",0.8477209944751382,0.8570441988950276,0.7251381215469613,0.855397148676171,0.998078220212003,-0.0013962390494796084,0.9886098358104425
101,"frozenset({'pdays_-1', 'previous_0', 'default_no'})",frozenset({'loan_no'}),0.8321823204419889,0.8687845303867403,0.7251381215469613,0.8713692946058091,1.002975149911933,0.002150995085620111,1.0200944573159867
102,"frozenset({'pdays_-1', 'loan_no', 'default_no'})",frozenset({'previous_0'}),0.7251381215469613,0.8477209944751382,0.7251381215469613,1.0,1.1796334012219958,0.11042331201733768,inf
103,"frozenset({'pdays_-1', 'loan_no', 'previous_0'})",frozenset({'default_no'}),0.7361878453038674,0.9830801104972375,0.7251381215469613,0.9849906191369606,1.0019433905938315,0.0014064932389121765,1.1272876381215506
104,"frozenset({'previous_0', 'loan_no', 'default_no'})",frozenset({'pdays_-1'}),0.7251381215469613,0.8477209944751382,0.7251381215469613,1.0,1.1796334012219958,0.11042331201733768,inf
105,"frozenset({'pdays_-1', 'default_no'})","frozenset({'loan_no', 'previous_0'})",0.8321823204419889,0.7361878453038674,0.7251381215469613,0.8713692946058091,1.1836235821662398,0.11249561216080095,2.050926751024773
106,"frozenset({'pdays_-1', 'previous_0'})","frozenset({'loan_no', 'default_no'})",0.8477209944751382,0.8570441988950276,0.7251381215469613,0.855397148676171,0.998078220212003,-0.0013962390494796084,0.9886098358104425
107,"frozenset({'pdays_-1', 'loan_no'})","frozenset({'previous_0', 'default_no'})",0.7361878453038674,0.8321823204419889,0.7251381215469613,0.9849906191369606,1.1836235821662398,0.11249561216080095,11.180852900552503
108,"frozenset({'previous_0', 'default_no'})","frozenset({'pdays_-1', 'loan_no'})",0.8321823204419889,0.7361878453038674,0.7251381215469613,0.8713692946058091,1.1836235821662398,0.11249561216080095,2.050926751024773
109,"frozenset({'loan_no', 'default_no'})","frozenset({'pdays_-1', 'previous_0'})",0.8570441988950276,0.8477209944751382,0.7251381215469613,0.8460918614020951,0.998078220212003,-0.0013962390494796084,0.9894148997714849
110,"frozenset({'loan_no', 'previous_0'})","frozenset({'pdays_-1', 'default_no'})",0.7361878453038674,0.8321823204419889,0.7251381215469613,0.9849906191369606,1.1836235821662398,0.11249561216080095,11.180852900552503
111,frozenset({'pdays_-1'}),"frozenset({'previous_0', 'loan_no', 'default_no'})",0.8477209944751382,0.7251381215469613,0.7251381215469613,0.855397148676171,1.1796334012219958,0.11042331201733768,1.9008053847949566
112,frozenset({'previous_0'}),"frozenset({'pdays_-1', 'loan_no', 'default_no'})",0.8477209944751382,0.7251381215469613,0.7251381215469613,0.855397148676171,1.1796334012219958,0.11042331201733768,1.9008053847949566
113,frozenset({'loan_no'}),"frozenset({'pdays_-1', 'previous_0', 'default_no'})",0.8687845303867403,0.8321823204419889,0.7251381215469613,0.834658187599364,1.002975149911933,0.002150995085620111,1.0149742350191246
114,"frozenset({'poutcome_unknown', 'loan_no', 'default_no'})",frozenset({'previous_0'}),0.7251381215469613,0.8477209944751382,0.7251381215469613,1.0,1.1796334012219958,0.11042331201733768,inf
115,"frozenset({'previous_0', 'poutcome_unknown', 'default_no'})",frozenset({'loan_no'}),0.8321823204419889,0.8687845303867403,0.7251381215469613,0.8713692946058091,1.002975149911933,0.002150995085620111,1.0200944573159867
116,"frozenset({'previous_0', 'loan_no', 'default_no'})",frozenset({'poutcome_unknown'}),0.7251381215469613,0.8477209944751382,0.7251381215469613,1.0,1.1796334012219958,0.11042331201733768,inf
117,"frozenset({'poutcome_unknown', 'loan_no', 'previous_0'})",frozenset({'default_no'}),0.7361878453038674,0.9830801104972375,0.7251381215469613,0.9849906191369606,1.0019433905938315,0.0014064932389121765,1.1272876381215506
118,"frozenset({'poutcome_unknown', 'default_no'})","frozenset({'loan_no', 'previous_0'})",0.8321823204419889,0.7361878453038674,0.7251381215469613,0.8713692946058091,1.1836235821662398,0.11249561216080095,2.050926751024773
119,"frozenset({'loan_no', 'default_no'})","frozenset({'poutcome_unknown', 'previous_0'})",0.8570441988950276,0.8477209944751382,0.7251381215469613,0.8460918614020951,0.998078220212003,-0.0013962390494796084,0.9894148997714849
120,"frozenset({'previous_0', 'default_no'})","frozenset({'poutcome_unknown', 'loan_no'})",0.8321823204419889,0.7361878453038674,0.7251381215469613,0.8713692946058091,1.1836235821662398,0.11249561216080095,2.050926751024773
121,"frozenset({'poutcome_unknown', 'loan_no'})","frozenset({'previous_0', 'default_no'})",0.7361878453038674,0.8321823204419889,0.7251381215469613,0.9849906191369606,1.1836235821662398,0.11249561216080095,11.180852900552503
122,"frozenset({'poutcome_unknown', 'previous_0'})","frozenset({'loan_no', 'default_no'})",0.8477209944751382,0.8570441988950276,0.7251381215469613,0.855397148676171,0.998078220212003,-0.0013962390494796084,0.9886098358104425
123,"frozenset({'loan_no', 'previous_0'})","frozenset({'poutcome_unknown', 'default_no'})",0.7361878453038674,0.8321823204419889,0.7251381215469613,0.9849906191369606,1.1836235821662398,0.11249561216080095,11.180852900552503
124,frozenset({'poutcome_unknown'}),"frozenset({'previous_0', 'loan_no', 'default_no'})",0.8477209944751382,0.7251381215469613,0.7251381215469613,0.855397148676171,1.1796334012219958,0.11042331201733768,1.9008053847949566
125,frozenset({'loan_no'}),"frozenset({'previous_0', 'poutcome_unknown', 'default_no'})",0.8687845303867403,0.8321823204419889,0.7251381215469613,0.834658187599364,1.002975149911933,0.002150995085620111,1.0149742350191246
126,frozenset({'previous_0'}),"frozenset({'poutcome_unknown', 'loan_no', 'default_no'})",0.8477209944751382,0.7251381215469613,0.7251381215469613,0.855397148676171,1.1796334012219958,0.11042331201733768,1.9008053847949566
127,"frozenset({'pdays_-1', 'poutcome_unknown', 'loan_no'})",frozenset({'default_no'}),0.7361878453038674,0.9830801104972375,0.7251381215469613,0.9849906191369606,1.0019433905938315,0.0014064932389121765,1.1272876381215506
128,"frozenset({'pdays_-1', 'poutcome_unknown', 'default_no'})",frozenset({'loan_no'}),0.8321823204419889,0.8687845303867403,0.7251381215469613,0.8713692946058091,1.002975149911933,0.002150995085620111,1.0200944573159867
129,"frozenset({'pdays_-1', 'loan_no', 'default_no'})",frozenset({'poutcome_unknown'}),0.7251381215469613,0.8477209944751382,0.7251381215469613,1.0,1.1796334012219958,0.11042331201733768,inf
130,"frozenset({'poutcome_unknown', 'loan_no', 'default_no'})",frozenset({'pdays_-1'}),0.7251381215469613,0.8477209944751382,0.7251381215469613,1.0,1.1796334012219958,0.11042331201733768,inf
131,"frozenset({'pdays_-1', 'poutcome_unknown'})","frozenset({'loan_no', 'default_no'})",0.8477209944751382,0.8570441988950276,0.7251381215469613,0.855397148676171,0.998078220212003,-0.0013962390494796084,0.9886098358104425
132,"frozenset({'pdays_-1', 'loan_no'})","frozenset({'poutcome_unknown', 'default_no'})",0.7361878453038674,0.8321823204419889,0.7251381215469613,0.9849906191369606,1.1836235821662398,0.11249561216080095,11.180852900552503
133,"frozenset({'pdays_-1', 'default_no'})","frozenset({'poutcome_unknown', 'loan_no'})",0.8321823204419889,0.7361878453038674,0.7251381215469613,0.8713692946058091,1.1836235821662398,0.11249561216080095,2.050926751024773
134,"frozenset({'poutcome_unknown', 'loan_no'})","frozenset({'pdays_-1', 'default_no'})",0.7361878453038674,0.8321823204419889,0.7251381215469613,0.9849906191369606,1.1836235821662398,0.11249561216080095,11.180852900552503
135,"frozenset({'poutcome_unknown', 'default_no'})","frozenset({'pdays_-1', 'loan_no'})",0.8321823204419889,0.7361878453038674,0.7251381215469613,0.8713692946058091,1.1836235821662398,0.11249561216080095,2.050926751024773
136,"frozenset({'loan_no', 'default_no'})","frozenset({'pdays_-1', 'poutcome_unknown'})",0.8570441988950276,0.8477209944751382,0.7251381215469613,0.8460918614020951,0.998078220212003,-0.0013962390494796084,0.9894148997714849
137,frozenset({'pdays_-1'}),"frozenset({'poutcome_unknown', 'loan_no', 'default_no'})",0.8477209944751382,0.7251381215469613,0.7251381215469613,0.855397148676171,1.1796334012219958,0.11042331201733768,1.9008053847949566
138,frozenset({'poutcome_unknown'}),"frozenset({'pdays_-1', 'loan_no', 'default_no'})",0.8477209944751382,0.7251381215469613,0.7251381215469613,0.855397148676171,1.1796334012219958,0.11042331201733768,1.9008053847949566
139,frozenset({'loan_no'}),"frozenset({'pdays_-1', 'poutcome_unknown', 'default_no'})",0.8687845303867403,0.8321823204419889,0.7251381215469613,0.834658187599364,1.002975149911933,0.002150995085620111,1.0149742350191246
140,"frozenset({'pdays_-1', 'poutcome_unknown', 'loan_no', 'default_no'})",frozenset({'previous_0'}),0.7251381215469613,0.8477209944751382,0.7251381215469613,1.0,1.1796334012219958,0.11042331201733768,inf
141,"frozenset({'pdays_-1', 'poutcome_unknown', 'loan_no', 'previous_0'})",frozenset({'default_no'}),0.7361878453038674,0.9830801104972375,0.7251381215469613,0.9849906191369606,1.0019433905938315,0.0014064932389121765,1.1272876381215506
142,"frozenset({'previous_0', 'poutcome_unknown', 'loan_no', 'default_no'})",frozenset({'pdays_-1'}),0.7251381215469613,0.8477209944751382,0.7251381215469613,1.0,1.1796334012219958,0.11042331201733768,inf
143,"frozenset({'pdays_-1', 'poutcome_unknown', 'previous_0', 'default_no'})",frozenset({'loan_no'}),0.8321823204419889,0.8687845303867403,0.7251381215469613,0.8713692946058091,1.002975149911933,0.002150995085620111,1.0200944573159867
144,"frozenset({'pdays_-1', 'previous_0', 'loan_no', 'default_no'})",frozenset({'poutcome_unknown'}),0.7251381215469613,0.8477209944751382,0.7251381215469613,1.0,1.1796334012219958,0.11042331201733768,inf
145,"frozenset({'pdays_-1', 'poutcome_unknown', 'loan_no'})","frozenset({'previous_0', 'default_no'})",0.7361878453038674,0.8321823204419889,0.7251381215469613,0.9849906191369606,1.1836235821662398,0.11249561216080095,11.180852900552503
146,"frozenset({'poutcome_unknown', 'loan_no', 'default_no'})","frozenset({'pdays_-1', 'previous_0'})",0.7251381215469613,0.8477209944751382,0.7251381215469613,1.0,1.1796334012219958,0.11042331201733768,inf
147,"frozenset({'poutcome_unknown', 'loan_no', 'previous_0'})","frozenset({'pdays_-1', 'default_no'})",0.7361878453038674,0.8321823204419889,0.7251381215469613,0.9849906191369606,1.1836235821662398,0.11249561216080095,11.180852900552503
148,"frozenset({'pdays_-1', 'poutcome_unknown', 'default_no'})","frozenset({'loan_no', 'previous_0'})",0.8321823204419889,0.7361878453038674,0.7251381215469613,0.8713692946058091,1.1836235821662398,0.11249561216080095,2.050926751024773
149,"frozenset({'pdays_-1', 'poutcome_unknown', 'previous_0'})","frozenset({'loan_no', 'default_no'})",0.8477209944751382,0.8570441988950276,0.7251381215469613,0.855397148676171,0.998078220212003,-0.0013962390494796084,0.9886098358104425
150,"frozenset({'previous_0', 'poutcome_unknown', 'default_no'})","frozenset({'pdays_-1', 'loan_no'})",0.8321823204419889,0.7361878453038674,0.7251381215469613,0.8713692946058091,1.1836235821662398,0.11249561216080095,2.050926751024773
151,"frozenset({'pdays_-1', 'loan_no', 'default_no'})","frozenset({'poutcome_unknown', 'previous_0'})",0.7251381215469613,0.8477209944751382,0.7251381215469613,1.0,1.1796334012219958,0.11042331201733768,inf
152,"frozenset({'pdays_-1', 'loan_no', 'previous_0'})","frozenset({'poutcome_unknown', 'default_no'})",0.7361878453038674,0.8321823204419889,0.7251381215469613,0.9849906191369606,1.1836235821662398,0.11249561216080095,11.180852900552503
153,"frozenset({'previous_0', 'loan_no', 'default_no'})","frozenset({'pdays_-1', 'poutcome_unknown'})",0.7251381215469613,0.8477209944751382,0.7251381215469613,1.0,1.1796334012219958,0.11042331201733768,inf
154,"frozenset({'pdays_-1', 'previous_0', 'default_no'})","frozenset({'poutcome_unknown', 'loan_no'})",0.8321823204419889,0.7361878453038674,0.7251381215469613,0.8713692946058091,1.1836235821662398,0.11249561216080095,2.050926751024773
155,"frozenset({'poutcome_unknown', 'loan_no'})","frozenset({'pdays_-1', 'previous_0', 'default_no'})",0.7361878453038674,0.8321823204419889,0.7251381215469613,0.9849906191369606,1.1836235821662398,0.11249561216080095,11.180852900552503
156,"frozenset({'pdays_-1', 'poutcome_unknown'})","frozenset({'previous_0', 'loan_no', 'default_no'})",0.8477209944751382,0.7251381215469613,0.7251381215469613,0.855397148676171,1.1796334012219958,0.11042331201733768,1.9008053847949566
157,"frozenset({'poutcome_unknown', 'default_no'})","frozenset({'pdays_-1', 'loan_no', 'previous_0'})",0.8321823204419889,0.7361878453038674,0.7251381215469613,0.8713692946058091,1.1836235821662398,0.11249561216080095,2.050926751024773
158,"frozenset({'poutcome_unknown', 'previous_0'})","frozenset({'pdays_-1', 'loan_no', 'default_no'})",0.8477209944751382,0.7251381215469613,0.7251381215469613,0.855397148676171,1.1796334012219958,0.11042331201733768,1.9008053847949566
159,"frozenset({'pdays_-1', 'loan_no'})","frozenset({'previous_0', 'poutcome_unknown', 'default_no'})",0.7361878453038674,0.8321823204419889,0.7251381215469613,0.9849906191369606,1.1836235821662398,0.11249561216080095,11.180852900552503
160,"frozenset({'loan_no', 'default_no'})","frozenset({'pdays_-1', 'poutcome_unknown', 'previous_0'})",0.8570441988950276,0.8477209944751382,0.7251381215469613,0.8460918614020951,0.998078220212003,-0.0013962390494796084,0.9894148997714849
161,"frozenset({'loan_no', 'previous_0'})","frozenset({'pdays_-1', 'poutcome_unknown', 'default_no'})",0.7361878453038674,0.8321823204419889,0.7251381215469613,0.9849906191369606,1.1836235821662398,0.11249561216080095,11.180852900552503
162,"frozenset({'pdays_-1', 'default_no'})","frozenset({'poutcome_unknown', 'loan_no', 'previous_0'})",0.8321823204419889,0.7361878453038674,0.7251381215469613,0.8713692946058091,1.1836235821662398,0.11249561216080095,2.050926751024773
163,"frozenset({'pdays_-1', 'previous_0'})","frozenset({'poutcome_unknown', 'loan_no', 'default_no'})",0.8477209944751382,0.7251381215469613,0.7251381215469613,0.855397148676171,1.1796334012219958,0.11042331201733768,1.9008053847949566
164,"frozenset({'previous_0', 'default_no'})","frozenset({'pdays_-1', 'poutcome_unknown', 'loan_no'})",0.8321823204419889,0.7361878453038674,0.7251381215469613,0.8713692946058091,1.1836235821662398,0.11249561216080095,2.050926751024773
165,frozenset({'poutcome_unknown'}),"frozenset({'pdays_-1', 'previous_0', 'loan_no', 'default_no'})",0.8477209944751382,0.7251381215469613,0.7251381215469613,0.855397148676171,1.1796334012219958,0.11042331201733768,1.9008053847949566
166,frozenset({'loan_no'}),"frozenset({'pdays_-1', 'poutcome_unknown', 'previous_0', 'default_no'})",0.8687845303867403,0.8321823204419889,0.7251381215469613,0.834658187599364,1.002975149911933,0.002150995085620111,1.0149742350191246
167,frozenset({'pdays_-1'}),"frozenset({'previous_0', 'poutcome_unknown', 'loan_no', 'default_no'})",0.8477209944751382,0.7251381215469613,0.7251381215469613,0.855397148676171,1.1796334012219958,0.11042331201733768,1.9008053847949566
168,frozenset({'previous_0'}),"frozenset({'pdays_-1', 'poutcome_unknown', 'loan_no', 'default_no'})",0.8477209944751382,0.7251381215469613,0.7251381215469613,0.855397148676171,1.1796334012219958,0.11042331201733768,1.9008053847949566
169,"frozenset({'pdays_-1', 'loan_no'})",frozenset({'default_no'}),0.7361878453038674,0.9830801104972375,0.7251381215469613,0.9849906191369606,1.0019433905938315,0.0014064932389121765,1.1272876381215506
170,"frozenset({'pdays_-1', 'default_no'})",frozenset({'loan_no'}),0.8321823204419889,0.8687845303867403,0.7251381215469613,0.8713692946058091,1.002975149911933,0.002150995085620111,1.0200944573159867
171,"frozenset({'loan_no', 'default_no'})",frozenset({'pdays_-1'}),0.8570441988950276,0.8477209944751382,0.7251381215469613,0.8460918614020951,0.998078220212003,-0.0013962390494796084,0.9894148997714849
172,frozenset({'pdays_-1'}),"frozenset({'loan_no', 'default_no'})",0.8477209944751382,0.8570441988950276,0.7251381215469613,0.855397148676171,0.998078220212003,-0.0013962390494796084,0.9886098358104425
173,frozenset({'loan_no'}),"frozenset({'pdays_-1', 'default_no'})",0.8687845303867403,0.8321823204419889,0.7251381215469613,0.834658187599364,1.002975149911933,0.002150995085620111,1.0149742350191246
174,frozenset({'contact_cellular'}),frozenset({'loan_no'}),0.7710635359116023,0.8687845303867403,0.6695441988950276,0.8683385579937303,0.9994866708862651,-0.0003438730502732801,0.9966127334911857
175,"frozenset({'contact_cellular', 'loan_no'})",frozenset({'default_no'}),0.6695441988950276,0.9830801104972375,0.662292817679558,0.9891696750902528,1.006194372694546,0.004077232647049955,1.562269797421744
176,"frozenset({'contact_cellular', 'default_no'})",frozenset({'loan_no'}),0.7589779005524862,0.8687845303867403,0.662292817679558,0.872611464968153,1.0044049294704973,0.0029045587741522993,1.0300414364640897
177,frozenset({'contact_cellular'}),"frozenset({'loan_no', 'default_no'})",0.7710635359116023,0.8570441988950276,0.662292817679558,0.8589341692789969,1.0022052192715452,0.0014572872470315357,1.013397790055249
178,frozenset({'contact_cellular'}),frozenset({'poutcome_unknown'}),0.7710635359116023,0.8477209944751382,0.625,0.8105687416032243,0.9561739615816447,-0.028646747466499867,0.8038747502057126
179,frozenset({'contact_cellular'}),frozenset({'pdays_-1'}),0.7710635359116023,0.8477209944751382,0.625,0.8105687416032243,0.9561739615816447,-0.028646747466499867,0.8038747502057126
180,frozenset({'contact_cellular'}),frozenset({'previous_0'}),0.7710635359116023,0.8477209944751382,0.625,0.8105687416032243,0.9561739615816447,-0.028646747466499867,0.8038747502057126
181,"frozenset({'pdays_-1', 'contact_cellular'})",frozenset({'poutcome_unknown'}),0.625,0.8477209944751382,0.625,1.0,1.1796334012219958,0.09517437845303867,inf
182,"frozenset({'poutcome_unknown', 'contact_cellular'})",frozenset({'pdays_-1'}),0.625,0.8477209944751382,0.625,1.0,1.1796334012219958,0.09517437845303867,inf
183,frozenset({'contact_cellular'}),"frozenset({'pdays_-1', 'poutcome_unknown'})",0.7710635359116023,0.8477209944751382,0.625,0.8105687416032243,0.9561739615816447,-0.028646747466499867,0.8038747502057126
184,"frozenset({'pdays_-1', 'poutcome_unknown', 'contact_cellular'})",frozenset({'previous_0'}),0.625,0.8477209944751382,0.625,1.0,1.1796334012219958,0.09517437845303867,inf
185,"frozenset({'pdays_-1', 'contact_cellular', 'previous_0'})",frozenset({'poutcome_unknown'}),0.625,0.8477209944751382,0.625,1.0,1.1796334012219958,0.09517437845303867,inf
186,"frozenset({'poutcome_unknown', 'contact_cellular', 'previous_0'})",frozenset({'pdays_-1'}),0.625,0.8477209944751382,0.625,1.0,1.1796334012219958,0.09517437845303867,inf
187,"frozenset({'pdays_-1', 'contact_cellular'})","frozenset({'poutcome_unknown', 'previous_0'})",0.625,0.8477209944751382,0.625,1.0,1.1796334012219958,0.09517437845303867,inf
188,"frozenset({'poutcome_unknown', 'contact_cellular'})","frozenset({'pdays_-1', 'previous_0'})",0.625,0.8477209944751382,0.625,1.0,1.1796334012219958,0.09517437845303867,inf
189,"frozenset({'contact_cellular', 'previous_0'})","frozenset({'pdays_-1', 'poutcome_unknown'})",0.625,0.8477209944751382,0.625,1.0,1.1796334012219958,0.09517437845303867,inf
190,frozenset({'contact_cellular'}),"frozenset({'pdays_-1', 'poutcome_unknown', 'previous_0'})",0.7710635359116023,0.8477209944751382,0.625,0.8105687416032243,0.9561739615816447,-0.028646747466499867,0.8038747502057126
191,"frozenset({'pdays_-1', 'contact_cellular'})",frozenset({'previous_0'}),0.625,0.8477209944751382,0.625,1.0,1.1796334012219958,0.09517437845303867,inf
192,"frozenset({'contact_cellular', 'previous_0'})",frozenset({'pdays_-1'}),0.625,0.8477209944751382,0.625,1.0,1.1796334012219958,0.09517437845303867,inf
193,frozenset({'contact_cellular'}),"frozenset({'pdays_-1', 'previous_0'})",0.7710635359116023,0.8477209944751382,0.625,0.8105687416032243,0.9561739615816447,-0.028646747466499867,0.8038747502057126
194,"frozenset({'poutcome_unknown', 'contact_cellular'})",frozenset({'previous_0'}),0.625,0.8477209944751382,0.625,1.0,1.1796334012219958,0.09517437845303867,inf
